year	site	eggs	larvae	tadpoles	juveniles	subadults	adults	frogs
1997	1	0	66	66	0	24.33333333	23	47.33333333
1997	2	0	16.11111111	16.11111111	0	15	31	49.875
1997	3	0	0	0	0	0	0	0
1997	4	0	6	6	0	21.375	13.25	34.625
1997	5	0	153.8333333	153.8333333	0	32.83333333	6.333333333	39.16666667
1997	6	0	0	0	0	16	4.6	23.66666667
1997	7	0	25.83333333	25.83333333	0	1.666666667	2.166666667	3.833333333
1997	8	0	0	0	0	0	1	2
1997	9	0	0.142857143	0.142857143	0	1.285714286	3.285714286	4.571428571
1997	10	0	0	0	0	0	1	1
1997	11	0	0	0	0	0.8	1.2	2
1997	20	NA	NA	NA	NA	NA	NA	NA
1997	21	NA	NA	NA	NA	NA	NA	NA
1997	22	NA	NA	NA	NA	NA	NA	NA
1998	1	0.071428571	74.07142857	74.07142857	0	10.42857143	32.35714286	42.78571429
1998	2	11.78571429	479.4285714	479.4285714	0	5.428571429	41.85714286	47.28571429
1998	3	0	0	0	0	0.5	0.928571429	1.428571429
1998	4	0.071428571	38.28571429	38.28571429	0	8.5	18.71428571	27.21428571
1998	5	4.857142857	171.7142857	171.7142857	0	23.07142857	26.14285714	49.21428571
1998	6	0.071428571	11.71428571	11.71428571	0	4.071428571	8.428571429	12.5
1998	7	0.642857143	56.92857143	56.92857143	0	1.357142857	4.214285714	5.571428571
1998	8	0	0	0	0	0.076923077	0.785714286	0.923076923
1998	9	0.928571429	48.64285714	48.64285714	0	0.5	3.142857143	3.642857143
1998	10	0	0	0	0	0.692307692	2	2.692307692
1998	11	0	13.23076923	13.23076923	0	0.076923077	2.538461538	2.615384615
1998	20	25	2.5	4	1.5	2	39	41
1998	21	NA	NA	NA	NA	NA	NA	NA
1998	22	NA	NA	NA	NA	NA	NA	NA
1999	1	0.25	86.5	91.25	4.75	8	33.5	41.5
1999	2	4.25	415.25	476.25	61	97	63.5	160.5
1999	3	0	0	0	0	0	0.75	0.75
1999	4	0.5	216.5	232.75	16.25	2	22.5	24.5
1999	5	2.5	340	409.5	69.5	66.5	33.75	100.25
1999	6	0	0.75	0.75	0	1	5	6
1999	7	1	35.25	39.5	4.25	5.5	12.5	18
1999	8	0	0	0	0	0.333333333	0	0.333333333
1999	9	0	0	0	0	2.5	5.25	7.75
1999	10	0	0	0	0	0	2.666666667	2.666666667
1999	11	0	6.333333333	7	0.666666667	1.333333333	2.666666667	4
1999	20	0	1085	1086	1	16	100	116
1999	21	NA	NA	NA	NA	NA	NA	NA
1999	22	NA	NA	NA	NA	NA	NA	NA
2000	1	0.25	96	96.75	0.75	12.75	19	31.75
2000	2	12	687.5	687.5	0	0.5	8.75	9.25
2000	3	0	0	0	0	0	0	0
2000	4	0	216.3333333	216.3333333	0	3.666666667	5.333333333	9
2000	5	2.5	277.5	278.25	0.75	8.25	0.75	9
2000	6	0	0	0	0	0	1.333333333	1.333333333
2000	7	0.5	196	196	0	3	2.75	5.75
2000	8	0	0	0	0	0	0	0
2000	9	0.25	2.25	2.25	0	0.25	0.5	0.75
2000	10	0.25	0	0	0	0.25	0.75	1
2000	11	0	0	0	0	0	0	0
2000	20	NA	NA	NA	NA	NA	NA	NA
2000	21	NA	NA	NA	NA	NA	NA	NA
2000	22	NA	NA	NA	NA	NA	NA	NA
2001	1	0.5	87.75	94.5	6.75	12.25	29.25	41.5
2001	2	7.8	396.4	400	3.6	6.8	21	27.8
2001	3	0	0	0	0	0	0	0
2001	4	0	275.8	275.8	0	0.2	5.8	6
2001	5	0	502	504.6	2.6	0.6	1.2	1.8
2001	6	0	87.5	88	0.5	0.5	3.5	4
2001	7	3	38.6	39.6	1	1.4	2.2	3.6
2001	8	0	0	0	0	0.75	0.25	1
2001	9	0	60	60.6	0.6	1.2	2.6	3.8
2001	10	0	0	0	0	0	1.2	1.2
2001	11	0	0	0	0	0	0.4	0.4
2001	20	5.75	597.75	602.5	4.75	4.25	8.25	12.5
2001	21	0	0	0	0	0	0	0
2001	22	0	50	50	0	1	3	4
2002	1	0.428571429	191.4285714	239.2857143	47.85714286	32	42.57142857	74.57142857
2002	2	1.571428571	347.8571429	348.4285714	0.571428571	1.571428571	17	18.57142857
2002	3	0	0.333333333	0.333333333	0	0	0.333333333	0.333333333
2002	4	0	131.4285714	238.1428571	106.7142857	24	3.857142857	27.85714286
2002	5	1.285714286	443	594.4285714	151.4285714	33.42857143	6.571428571	40
2002	6	0	53.57142857	54	0.428571429	0.142857143	1.428571429	1.571428571
2002	7	0.428571429	268	268.7142857	0.714285714	1.428571429	6.142857143	7.571428571
2002	8	0	0	0.142857143	0.142857143	0.285714286	0.428571429	0.714285714
2002	9	0.285714286	43.57142857	43.71428571	0.142857143	0	1.571428571	1.571428571
2002	10	0	0	0	0	0.285714286	0.571428571	0.857142857
2002	11	0	0	0	0	0.166666667	0	0.166666667
2002	20	4.714285714	615.5714286	791.2857143	175.7142857	42.14285714	47.14285714	89.28571429
2002	21	0	22	22.2	0.2	1.6	5.6	7.2
2002	22	0	12.6	49.8	37.2	17.4	11.8	29.2
2003	1	0	48.33333333	48.66666667	0.333333333	34.66666667	30	64.66666667
2003	2	8.666666667	403.3333333	608	3.5	3	24.66666667	27.66666667
2003	3	0	0	0	0	1.5	1	2.5
2003	4	0	118.3333333	119	0.666666667	3.666666667	3.666666667	7.333333333
2003	5	0.666666667	219	275	56	32.66666667	8	40.66666667
2003	6	0	250	250	0	0.5	2	2.5
2003	7	0.666666667	51.66666667	51.66666667	0	5.333333333	4.333333333	9.666666667
2003	8	0	2.5	2.5	0	0	2	2
2003	9	1.333333333	74	74	0	2.333333333	0.666666667	3
2003	10	0	0	0	0	1	3	4
2003	11	0	0	0	0	1.5	0.5	2
2003	20	17	1011.333333	1150.333333	139	115.3333333	54	169.3333333
2003	21	1	0	0	0	0	3.333333333	3.333333333
2003	22	0	20.66666667	48	27.33333333	23	23.33333333	46.33333333
2005	1	0	53.4	87.8	34.4	2.4	36	38.4
2005	2	0	2045.8	2046.2	0.4	0	13	13
2005	3	0	0	0	0	0	1.6	1.6
2005	4	0	23.8	154.2	130.4	2.4	5.8	8.2
2005	5	0	468.6	665.6	197	4.8	7.2	12
2005	6	0	0	4.4	4.4	0	6	6
2005	7	0	25.8	37.4	11.6	0	4.2	4.2
2005	8	0	0	0.4	0.4	0	0.4	0.4
2005	9	0	31.4	32.2	0.8	0.4	3.8	4.2
2005	10	0	0	0.2	0.2	0.2	2.6	2.8
2005	11	0	0	0	0	0	0.2	0.2
2005	20	0	465.8	703.8	238	4.4	51.4	55.8
2005	21	0	0	1.6	1.6	0	7	7
2005	22	0	53.6	60	6.4	0.4	22.6	23
2006	1	3.2	49.2	66.4	17.2	14.2	26.6	40.8
2006	2	7.6	1526	1533.2	7.2	10	24.6	34.6
2006	3	0	0	0.4	0.4	1.4	1.4	2.8
2006	4	1.2	89.2	122	32.8	7.4	9.4	16.8
2006	5	6.4	223.8	440	216.2	5.6	17.8	23.4
2006	6	0	0	4.6	4.6	5.4	8.2	13.6
2006	7	7.4	60.8	76.2	15.4	0.8	7	7.8
2006	8	0	0	0.2	0.2	0.4	0.8	1.2
2006	9	1.4	44.4	45	0.6	0.4	2.8	3.2
2006	10	0	0	1.4	1.4	0.6	3	3.6
2006	11	0	16.6	17	0.4	1.8	0.2	2
2006	20	10.2	593.8	768.2	174.4	9.6	29.8	39.4
2006	21	0	0	1	1	1	10	11
2006	22	0.4	171.2	189.8	18.6	4.2	12.2	16.4
2007	1	0	73	73	0	8	29	37
2007	2	0	0	0	0	0	0	0
2007	3	0	0	0	0	2	7	9
2007	4	0	425	635	210	44	22	66
2007	5	0	295	610	315	50	16	66
2007	6	NA	NA	NA	NA	NA	NA	NA
2007	7	NA	NA	NA	NA	NA	NA	NA
2007	8	NA	NA	NA	NA	NA	NA	NA
2007	9	NA	NA	NA	NA	NA	NA	NA
2007	10	NA	NA	NA	NA	NA	NA	NA
2007	11	NA	NA	NA	NA	NA	NA	NA
2007	20	0	247	375	128	69	101	170
2007	21	0	0	0	0	0	0	0
2007	22	0	35	163	128	44	36	80
2008	1	1	51.125	84.125	33	13.625	37.75	51.375
2008	2	1	841.7777778	672.375	0.375	4.333333333	23.22222222	27.55555556
2008	3	0	0	0.111111111	0.111111111	0.111111111	2.777777778	2.888888889
2008	4	0	101.4	110.7	9.3	1.3	5.1	6.4
2008	5	1.555555556	304.4444444	342.1111111	37.66666667	4.777777778	6.555555556	11.33333333
2008	6	0.125	0.375	0.375	0	0.5	2.25	2.75
2008	7	1.111111111	35.66666667	87.66666667	52	5.666666667	5.555555556	11.22222222
2008	8	0	0	0.375	0.375	0.375	1.125	1.5
2008	9	0.125	13.75	15.5	1.75	3.75	4	7.75
2008	10	0	0	1.25	1.25	0.625	2.25	2.875
2008	11	0	0	0	0	0.5	0.625	1.125
2008	20	2.888888889	312.5555556	740.4444444	427.8888889	10.77777778	6.777777778	17.55555556
2008	21	0	0	0.25	0.25	1.125	3.5	4.625
2008	22	0	12	59.77777778	47.77777778	13.88888889	8.777777778	22.66666667
2009	1	2	0	0	0	3	14	17
2009	2	0	0	0	0	0	5	5
2009	3	0	0	0	0	0	0	0
2009	4	0	36	45	9	0	0	0
2009	5	0	28	32	4	2	1	3
2009	6	0	0	0	0	0	2	2
2009	7	0	0	0	0	1	1	2
2009	8	0	0	0	0	0	0	0
2009	9	0	0	0	0	2	0	2
2009	10	0	0	0	0	0	0	0
2009	11	0	0	0	0	0	2	2
2009	20	1	250	416	166	32	9	41
2009	21	0	0	0	0	0	0	0
2009	22	0	22	39	17	3	9	12
2010	1	0	29.75	39.25	9.5	0.75	0.75	1.5
2010	2	0	0	0	0	0	0	0
2010	3	0	0	0	0	0	0	0
2010	4	0	144.25	185.75	41.5	2.75	0	2.75
2010	5	0	242.5	510.25	267.75	0.25	0.25	0.5
2010	6	0	0	0	0	0	0	0
2010	7	0	0	1	1	0	0	0
2010	8	0	0	0	0	0	0	0
2010	9	0	0	0	0	0	0	0
2010	10	0	0	0	0	0	0	0
2010	11	0	0	0	0	0	0	0
2010	20	0	228.5	520.75	292.25	1.75	0	1.75
2010	21	0	0	0	0	0	0	0
2010	22	0	55	73.25	18.25	0.5	0	0.5
2011	1	0	1	4	3	3	0	3
2011	2	0	0	0	0	0	0	0
2011	3	0	0	0	0	0	0	0
2011	4	0	99	107	8	0	0	0
2011	5	0	233	233	0	9	0	9
2011	6	0	0	0	0	0	0	0
2011	7	0	0	1	1	0	0	0
2011	8	0	0	0	0	0	0	0
2011	9	0	0	0	0	0	0	0
2011	10	0	0	0	0	0	0	0
2011	11	NA	NA	NA	NA	NA	NA	NA
2011	20	0	340	372	32	59	0	59
2011	21	0	0	0	0	0	0	0
2011	22	0	0	2	2	4	0	4
2012	1	0	0	0	0	0	0	0
2012	2	0	0	0	0	0	0	0
2012	3	0	0	0	0	0	0	0
2012	4	0	12	14	2	0	0	0
2012	5	0	156	203	47	2	0	2
2012	6	NA	NA	NA	NA	NA	NA	NA
2012	7	0	0	0	0	0	0	0
2012	8	0	0	0	0	0	0	0
2012	9	0	0	0	0	0	0	0
2012	10	0	0	0	0	0	0	0
2012	11	NA	NA	NA	NA	NA	NA	NA
2012	20	0	112	140	28	0	0	0
2012	21	0	0	0	0	0	0	0
2012	22	0	0	0	0	0	0	0
2013	1	0	0	0	0	0	0	0
2013	2	0	0	0	0	0	0	0
2013	3	0	0	0	0	0	0	0
2013	4	0	0	0	0	0	0	0
2013	5	0	0	0	0	0	0	0
2013	6	0	0	0	0	0	0	0
2013	7	0	0	0	0	0	0	0
2013	8	0	0	0	0	0	0	0
2013	9	0	0	0	0	0	0	0
2013	10	0	0	0	0	0	0	0
2013	11	0	0	0	0	0	0	0
2013	20	0	0	0	0	0	0	0
2013	21	0	0	0	0	0	0	0
2013	22	0	0	0	0	0	0	0
2014	1	0	0	0	0	0	0	0
2014	2	0	0	0	0	0	0	0
2014	3	0	0	0	0	0	0	0
2014	4	0	0	0	0	0	0	0
2014	5	0	0	0	0	0	0	0
2014	6	0	0	0	0	0	0	0
2014	7	0	0	0	0	0	0	0
2014	8	0	0	0	0	0	0	0
2014	9	0	0	0	0	0	0	0
2014	10	0	0	0	0	0	0	0
2014	11	0	0	0	0	0	0	0
2014	20	0	0	0	0	0	0	0
2014	21	0	0	0	0	0	0	0
2014	22	0	0	0	0	0	0	0
2015	1	0	0	0	0	0	0	0
2015	2	0	0	0	0	0	0	0
2015	3	0	0	0	0	0	0	0
2015	4	0	0	0	0	0	0	0
2015	5	0	0	0	0	0	0	0
2015	6	0	0	0	0	0	0	0
2015	7	0	0	0	0	0	0	0
2015	8	0	0	0	0	0	0	0
2015	9	0	0	0	0	0	0	0
2015	10	0	0	0	0	0	0	0
2015	11	0	0	0	0	0	0	0
2015	20	0	0	0	0	0	0	0
2015	21	0	0	0	0	0	0	0
2015	22	0	0	0	0	0	0	0