"year" "site" "eggs" "larvae" "tadpoles" "juveniles" "subadults" "adults" "frogs"
"1" 1997 1 0 66 66 0 24.3333333333333 23 47.3333333333333
"2" 1998 1 0.0714285714285714 74.0714285714286 74.0714285714286 0 10.4285714285714 32.3571428571429 42.7857142857143
"3" 1999 1 0.25 86.5 91.25 4.75 8 33.5 41.5
"4" 2000 1 0.25 96 96.75 0.75 12.75 19 31.75
"5" 2001 1 0.5 87.75 94.5 6.75 12.25 29.25 41.5
"6" 2002 1 0.428571428571429 191.428571428571 239.285714285714 47.8571428571429 32 42.5714285714286 74.5714285714286
"7" 2003 1 0 48.3333333333333 48.6666666666667 0.333333333333333 34.6666666666667 30 64.6666666666667
"8" 2005 1 0 53.4 87.8 34.4 2.4 36 38.4
"9" 2006 1 3.2 49.2 66.4 17.2 14.2 26.6 40.8
"10" 2007 1 0 73 73 0 8 29 37
"11" 2008 1 1 51.125 84.125 33 13.625 37.75 51.375
"12" 2009 1 2 0 0 0 3 14 17
"13" 2010 1 0 29.75 39.25 9.5 0.75 0.75 1.5
"14" 2011 1 0 1 4 3 3 0 3
"15" 2012 1 0 0 0 0 0 0 0
"16" 1997 2 0 16.1111111111111 16.1111111111111 0 15 31 49.875
"17" 1998 2 11.7857142857143 479.428571428571 479.428571428571 0 5.42857142857143 41.8571428571429 47.2857142857143
"18" 1999 2 4.25 415.25 476.25 61 97 63.5 160.5
"19" 2000 2 12 687.5 687.5 0 0.5 8.75 9.25
"20" 2001 2 7.8 396.4 400 3.6 6.8 21 27.8
"21" 2002 2 1.57142857142857 347.857142857143 348.428571428571 0.571428571428571 1.57142857142857 17 18.5714285714286
"22" 2003 2 8.66666666666667 403.333333333333 608 3.5 3 24.6666666666667 27.6666666666667
"23" 2005 2 0 2045.8 2046.2 0.4 0 13 13
"24" 2006 2 7.6 1526 1533.2 7.2 10 24.6 34.6
"25" 2007 2 0 0 0 0 0 0 0
"26" 2008 2 1 841.777777777778 672.375 0.375 4.33333333333333 23.2222222222222 27.5555555555556
"27" 2009 2 0 0 0 0 0 5 5
"28" 2010 2 0 0 0 0 0 0 0
"29" 2011 2 0 0 0 0 0 0 0
"30" 2012 2 0 0 0 0 0 0 0
"31" 1997 3 0 0 0 0 0 0 0
"32" 1998 3 0 0 0 0 0.5 0.928571428571429 1.42857142857143
"33" 1999 3 0 0 0 0 0 0.75 0.75
"34" 2000 3 0 0 0 0 0 0 0
"35" 2001 3 0 0 0 0 0 0 0
"36" 2002 3 0 0.333333333333333 0.333333333333333 0 0 0.333333333333333 0.333333333333333
"37" 2003 3 0 0 0 0 1.5 1 2.5
"38" 2005 3 0 0 0 0 0 1.6 1.6
"39" 2006 3 0 0 0.4 0.4 1.4 1.4 2.8
"40" 2007 3 0 0 0 0 2 7 9
"41" 2008 3 0 0 0.111111111111111 0.111111111111111 0.111111111111111 2.77777777777778 2.88888888888889
"42" 2009 3 0 0 0 0 0 0 0
"43" 2010 3 0 0 0 0 0 0 0
"44" 2011 3 0 0 0 0 0 0 0
"45" 2012 3 0 0 0 0 0 0 0
"46" 1997 4 0 6 6 0 21.375 13.25 34.625
"47" 1998 4 0.0714285714285714 38.2857142857143 38.2857142857143 0 8.5 18.7142857142857 27.2142857142857
"48" 1999 4 0.5 216.5 232.75 16.25 2 22.5 24.5
"49" 2000 4 0 216.333333333333 216.333333333333 0 3.66666666666667 5.33333333333333 9
"50" 2001 4 0 275.8 275.8 0 0.2 5.8 6
"51" 2002 4 0 131.428571428571 238.142857142857 106.714285714286 24 3.85714285714286 27.8571428571429
"52" 2003 4 0 118.333333333333 119 0.666666666666667 3.66666666666667 3.66666666666667 7.33333333333333
"53" 2005 4 0 23.8 154.2 130.4 2.4 5.8 8.2
"54" 2006 4 1.2 89.2 122 32.8 7.4 9.4 16.8
"55" 2007 4 0 425 635 210 44 22 66
"56" 2008 4 0 101.4 110.7 9.3 1.3 5.1 6.4
"57" 2009 4 0 36 45 9 0 0 0
"58" 2010 4 0 144.25 185.75 41.5 2.75 0 2.75
"59" 2011 4 0 99 107 8 0 0 0
"60" 2012 4 0 12 14 2 0 0 0
"61" 1997 5 0 153.833333333333 153.833333333333 0 32.8333333333333 6.33333333333333 39.1666666666667
"62" 1998 5 4.85714285714286 171.714285714286 171.714285714286 0 23.0714285714286 26.1428571428571 49.2142857142857
"63" 1999 5 2.5 340 409.5 69.5 66.5 33.75 100.25
"64" 2000 5 2.5 277.5 278.25 0.75 8.25 0.75 9
"65" 2001 5 0 502 504.6 2.6 0.6 1.2 1.8
"66" 2002 5 1.28571428571429 443 594.428571428571 151.428571428571 33.4285714285714 6.57142857142857 40
"67" 2003 5 0.666666666666667 219 275 56 32.6666666666667 8 40.6666666666667
"68" 2005 5 0 468.6 665.6 197 4.8 7.2 12
"69" 2006 5 6.4 223.8 440 216.2 5.6 17.8 23.4
"70" 2007 5 0 295 610 315 50 16 66
"71" 2008 5 1.55555555555556 304.444444444444 342.111111111111 37.6666666666667 4.77777777777778 6.55555555555556 11.3333333333333
"72" 2009 5 0 28 32 4 2 1 3
"73" 2010 5 0 242.5 510.25 267.75 0.25 0.25 0.5
"74" 2011 5 0 233 233 0 9 0 9
"75" 2012 5 0 156 203 47 2 0 2
"76" 1997 6 0 0 0 0 16 4.6 23.6666666666667
"77" 1998 6 0.0714285714285714 11.7142857142857 11.7142857142857 0 4.07142857142857 8.42857142857143 12.5
"78" 1999 6 0 0.75 0.75 0 1 5 6
"79" 2000 6 0 0 0 0 0 1.33333333333333 1.33333333333333
"80" 2001 6 0 87.5 88 0.5 0.5 3.5 4
"81" 2002 6 0 53.5714285714286 54 0.428571428571429 0.142857142857143 1.42857142857143 1.57142857142857
"82" 2003 6 0 250 250 0 0.5 2 2.5
"83" 2005 6 0 0 4.4 4.4 0 6 6
"84" 2006 6 0 0 4.6 4.6 5.4 8.2 13.6
"85" 2007 6 NA NA NA NA NA NA NA
"86" 2008 6 0.125 0.375 0.375 0 0.5 2.25 2.75
"87" 2009 6 0 0 0 0 0 2 2
"88" 2010 6 0 0 0 0 0 0 0
"89" 2011 6 0 0 0 0 0 0 0
"90" 2012 6 NA NA NA NA NA NA NA
"91" 1997 7 0 25.8333333333333 25.8333333333333 0 1.66666666666667 2.16666666666667 3.83333333333333
"92" 1998 7 0.642857142857143 56.9285714285714 56.9285714285714 0 1.35714285714286 4.21428571428571 5.57142857142857
"93" 1999 7 1 35.25 39.5 4.25 5.5 12.5 18
"94" 2000 7 0.5 196 196 0 3 2.75 5.75
"95" 2001 7 3 38.6 39.6 1 1.4 2.2 3.6
"96" 2002 7 0.428571428571429 268 268.714285714286 0.714285714285714 1.42857142857143 6.14285714285714 7.57142857142857
"97" 2003 7 0.666666666666667 51.6666666666667 51.6666666666667 0 5.33333333333333 4.33333333333333 9.66666666666667
"98" 2005 7 0 25.8 37.4 11.6 0 4.2 4.2
"99" 2006 7 7.4 60.8 76.2 15.4 0.8 7 7.8
"100" 2007 7 NA NA NA NA NA NA NA
"101" 2008 7 1.11111111111111 35.6666666666667 87.6666666666667 52 5.66666666666667 5.55555555555556 11.2222222222222
"102" 2009 7 0 0 0 0 1 1 2
"103" 2010 7 0 0 1 1 0 0 0
"104" 2011 7 0 0 1 1 0 0 0
"105" 2012 7 0 0 0 0 0 0 0
"106" 1997 8 0 0 0 0 0 1 2
"107" 1998 8 0 0 0 0 0.0769230769230769 0.785714285714286 0.923076923076923
"108" 1999 8 0 0 0 0 0.333333333333333 0 0.333333333333333
"109" 2000 8 0 0 0 0 0 0 0
"110" 2001 8 0 0 0 0 0.75 0.25 1
"111" 2002 8 0 0 0.142857142857143 0.142857142857143 0.285714285714286 0.428571428571429 0.714285714285714
"112" 2003 8 0 2.5 2.5 0 0 2 2
"113" 2005 8 0 0 0.4 0.4 0 0.4 0.4
"114" 2006 8 0 0 0.2 0.2 0.4 0.8 1.2
"115" 2007 8 NA NA NA NA NA NA NA
"116" 2008 8 0 0 0.375 0.375 0.375 1.125 1.5
"117" 2009 8 0 0 0 0 0 0 0
"118" 2010 8 0 0 0 0 0 0 0
"119" 2011 8 0 0 0 0 0 0 0
"120" 2012 8 0 0 0 0 0 0 0
"121" 1997 9 0 0.142857142857143 0.142857142857143 0 1.28571428571429 3.28571428571429 4.57142857142857
"122" 1998 9 0.928571428571429 48.6428571428571 48.6428571428571 0 0.5 3.14285714285714 3.64285714285714
"123" 1999 9 0 0 0 0 2.5 5.25 7.75
"124" 2000 9 0.25 2.25 2.25 0 0.25 0.5 0.75
"125" 2001 9 0 60 60.6 0.6 1.2 2.6 3.8
"126" 2002 9 0.285714285714286 43.5714285714286 43.7142857142857 0.142857142857143 0 1.57142857142857 1.57142857142857
"127" 2003 9 1.33333333333333 74 74 0 2.33333333333333 0.666666666666667 3
"128" 2005 9 0 31.4 32.2 0.8 0.4 3.8 4.2
"129" 2006 9 1.4 44.4 45 0.6 0.4 2.8 3.2
"130" 2007 9 NA NA NA NA NA NA NA
"131" 2008 9 0.125 13.75 15.5 1.75 3.75 4 7.75
"132" 2009 9 0 0 0 0 2 0 2
"133" 2010 9 0 0 0 0 0 0 0
"134" 2011 9 0 0 0 0 0 0 0
"135" 2012 9 0 0 0 0 0 0 0
"136" 1997 10 0 0 0 0 0 1 1
"137" 1998 10 0 0 0 0 0.692307692307692 2 2.69230769230769
"138" 1999 10 0 0 0 0 0 2.66666666666667 2.66666666666667
"139" 2000 10 0.25 0 0 0 0.25 0.75 1
"140" 2001 10 0 0 0 0 0 1.2 1.2
"141" 2002 10 0 0 0 0 0.285714285714286 0.571428571428571 0.857142857142857
"142" 2003 10 0 0 0 0 1 3 4
"143" 2005 10 0 0 0.2 0.2 0.2 2.6 2.8
"144" 2006 10 0 0 1.4 1.4 0.6 3 3.6
"145" 2007 10 NA NA NA NA NA NA NA
"146" 2008 10 0 0 1.25 1.25 0.625 2.25 2.875
"147" 2009 10 0 0 0 0 0 0 0
"148" 2010 10 0 0 0 0 0 0 0
"149" 2011 10 0 0 0 0 0 0 0
"150" 2012 10 0 0 0 0 0 0 0
"151" 1997 11 0 0 0 0 0.8 1.2 2
"152" 1998 11 0 13.2307692307692 13.2307692307692 0 0.0769230769230769 2.53846153846154 2.61538461538462
"153" 1999 11 0 6.33333333333333 7 0.666666666666667 1.33333333333333 2.66666666666667 4
"154" 2000 11 0 0 0 0 0 0 0
"155" 2001 11 0 0 0 0 0 0.4 0.4
"156" 2002 11 0 0 0 0 0.166666666666667 0 0.166666666666667
"157" 2003 11 0 0 0 0 1.5 0.5 2
"158" 2005 11 0 0 0 0 0 0.2 0.2
"159" 2006 11 0 16.6 17 0.4 1.8 0.2 2
"160" 2007 11 NA NA NA NA NA NA NA
"161" 2008 11 0 0 0 0 0.5 0.625 1.125
"162" 2009 11 0 0 0 0 0 2 2
"163" 2010 11 0 0 0 0 0 0 0
"164" 2011 11 NA NA NA NA NA NA NA
"165" 2012 11 NA NA NA NA NA NA NA
"166" 1997 20 NA NA NA NA NA NA NA
"167" 1998 20 25 2.5 4 1.5 2 39 41
"168" 1999 20 0 1085 1086 1 16 100 116
"169" 2000 20 NA NA NA NA NA NA NA
"170" 2001 20 5.75 597.75 602.5 4.75 4.25 8.25 12.5
"171" 2002 20 4.71428571428571 615.571428571429 791.285714285714 175.714285714286 42.1428571428571 47.1428571428571 89.2857142857143
"172" 2003 20 17 1011.33333333333 1150.33333333333 139 115.333333333333 54 169.333333333333
"173" 2005 20 0 465.8 703.8 238 4.4 51.4 55.8
"174" 2006 20 10.2 593.8 768.2 174.4 9.6 29.8 39.4
"175" 2007 20 0 247 375 128 69 101 170
"176" 2008 20 2.88888888888889 312.555555555556 740.444444444444 427.888888888889 10.7777777777778 6.77777777777778 17.5555555555556
"177" 2009 20 1 250 416 166 32 9 41
"178" 2010 20 0 228.5 520.75 292.25 1.75 0 1.75
"179" 2011 20 0 340 372 32 59 0 59
"180" 2012 20 0 112 140 28 0 0 0
"181" 1997 21 NA NA NA NA NA NA NA
"182" 1998 21 NA NA NA NA NA NA NA
"183" 1999 21 NA NA NA NA NA NA NA
"184" 2000 21 NA NA NA NA NA NA NA
"185" 2001 21 0 0 0 0 0 0 0
"186" 2002 21 0 22 22.2 0.2 1.6 5.6 7.2
"187" 2003 21 1 0 0 0 0 3.33333333333333 3.33333333333333
"188" 2005 21 0 0 1.6 1.6 0 7 7
"189" 2006 21 0 0 1 1 1 10 11
"190" 2007 21 0 0 0 0 0 0 0
"191" 2008 21 0 0 0.25 0.25 1.125 3.5 4.625
"192" 2009 21 0 0 0 0 0 0 0
"193" 2010 21 0 0 0 0 0 0 0
"194" 2011 21 0 0 0 0 0 0 0
"195" 2012 21 0 0 0 0 0 0 0
"196" 1997 22 NA NA NA NA NA NA NA
"197" 1998 22 NA NA NA NA NA NA NA
"198" 1999 22 NA NA NA NA NA NA NA
"199" 2000 22 NA NA NA NA NA NA NA
"200" 2001 22 0 50 50 0 1 3 4
"201" 2002 22 0 12.6 49.8 37.2 17.4 11.8 29.2
"202" 2003 22 0 20.6666666666667 48 27.3333333333333 23 23.3333333333333 46.3333333333333
"203" 2005 22 0 53.6 60 6.4 0.4 22.6 23
"204" 2006 22 0.4 171.2 189.8 18.6 4.2 12.2 16.4
"205" 2007 22 0 35 163 128 44 36 80
"206" 2008 22 0 12 59.7777777777778 47.7777777777778 13.8888888888889 8.77777777777778 22.6666666666667
"207" 2009 22 0 22 39 17 3 9 12
"208" 2010 22 0 55 73.25 18.25 0.5 0 0.5
"209" 2011 22 0 0 2 2 4 0 4
"210" 2012 22 0 0 0 0 0 0 0
